0,1,9,916.0,446.0,101.0,150.0,1.0,4.0,0.0
0,2,9,915.0,447.0,101.0,151.0,1.0,4.0,0.0
0,3,9,915.0,449.0,101.0,151.0,1.0,4.0,0.0
0,4,9,914.0,451.0,102.0,152.0,1.0,4.0,0.0
0,5,9,914.0,452.0,102.0,153.0,1.0,4.0,0.0
0,6,9,913.0,454.0,103.0,153.0,1.0,4.0,0.0
0,7,9,913.0,456.0,103.0,154.0,1.0,4.0,0.0
0,8,9,913.0,457.0,103.0,155.0,1.0,4.0,0.0
0,9,9,912.0,459.0,104.0,155.0,1.0,4.0,0.0
0,10,9,912.0,461.0,104.0,156.0,1.0,4.0,0.0
0,11,9,911.0,462.0,105.0,157.0,1.0,4.0,0.0
0,12,9,911.0,464.0,105.0,157.0,1.0,4.0,0.0
0,13,9,911.0,466.0,105.0,158.0,1.0,4.0,0.0
0,14,9,910.0,470.0,105.0,158.0,1.0,4.0,0.0
0,15,9,910.0,474.0,105.0,158.0,1.0,4.0,0.0
0,16,9,909.0,479.0,106.0,157.0,1.0,4.0,0.0
0,17,9,909.0,483.0,106.0,158.0,1.0,4.0,0.0
0,18,9,909.0,487.0,106.0,158.0,1.0,4.0,0.0
0,19,9,908.0,492.0,107.0,157.0,1.0,4.0,0.0
0,20,9,908.0,496.0,107.0,157.0,1.0,4.0,0.0
1,41,9,892.0,591.0,125.0,203.0,1.0,4.0,0.0
1,42,9,891.0,598.0,125.0,205.0,1.0,4.0,0.0
1,43,9,891.0,605.0,124.0,208.0,1.0,4.0,0.0
1,44,9,890.0,612.0,124.0,210.0,1.0,4.0,0.0
1,45,9,890.0,619.0,123.0,213.0,1.0,4.0,0.0
1,46,9,888.0,626.0,126.0,216.0,1.0,4.0,0.0
1,47,9,887.0,633.0,128.0,220.0,1.0,4.0,0.0
1,48,9,885.0,641.0,132.0,223.0,1.0,4.0,0.0
1,49,9,884.0,648.0,134.0,227.0,1.0,4.0,0.0
1,50,9,883.0,656.0,137.0,230.0,1.0,4.0,0.0
1,51,9,882.0,665.0,138.0,234.0,1.0,4.0,0.0
1,52,9,882.0,674.0,139.0,238.0,1.0,4.0,0.0
1,53,9,881.0,683.0,140.0,243.0,1.0,4.0,0.0
1,54,9,881.0,692.0,141.0,247.0,1.0,4.0,0.0
1,55,9,881.0,701.0,142.0,252.0,1.0,4.0,0.0
1,56,9,879.0,711.0,144.0,258.0,1.0,4.0,0.0
1,57,9,877.0,722.0,147.0,264.0,1.0,4.0,0.0
1,58,9,876.0,733.0,148.0,269.0,1.0,4.0,0.0
1,59,9,874.0,744.0,151.0,275.0,1.0,4.0,0.0
1,60,9,873.0,755.0,152.0,280.0,1.0,4.0,0.0
1,61,9,871.0,766.0,155.0,286.0,1.0,4.0,0.0
1,62,9,870.0,777.0,157.0,292.0,1.0,4.0,0.0
1,63,9,868.0,791.0,160.0,278.0,1.0,4.0,1.0
1,64,9,866.0,805.0,163.0,264.0,1.0,4.0,1.0
1,65,9,865.0,819.0,165.0,250.0,1.0,4.0,1.0
1,66,9,863.0,833.0,168.0,236.0,1.0,4.0,1.0
1,67,9,862.0,847.0,170.0,222.0,1.0,4.0,1.0
1,68,9,862.0,862.0,166.0,207.0,1.0,4.0,1.0
1,69,9,862.0,878.0,162.0,191.0,1.0,4.0,1.0
1,70,9,862.0,893.0,158.0,176.0,1.0,4.0,1.0
1,71,9,862.0,909.0,154.0,160.0,1.0,4.0,1.0
2,8,17,1193.0,956.0,168.0,112.0,1.0,4.0,1.0
2,9,17,1193.0,936.0,167.0,132.0,1.0,4.0,1.0
2,10,17,1193.0,916.0,167.0,153.0,1.0,4.0,1.0
2,11,17,1186.0,894.0,173.0,175.0,1.0,4.0,1.0
2,12,17,1179.0,872.0,179.0,197.0,1.0,4.0,1.0
2,13,17,1173.0,850.0,185.0,219.0,1.0,4.0,1.0
2,14,17,1168.0,829.0,180.0,240.0,1.0,4.0,0.0
2,15,17,1165.0,809.0,173.0,223.0,1.0,4.0,0.0
2,16,17,1161.0,789.0,165.0,216.0,1.0,4.0,0.0
2,17,17,1157.0,769.0,158.0,210.0,1.0,4.0,0.0
2,18,17,1153.0,750.0,151.0,203.0,1.0,4.0,0.0
2,19,17,1149.0,733.0,147.0,197.0,1.0,4.0,0.0
2,20,17,1145.0,716.0,144.0,191.0,1.0,4.0,0.0
3,41,17,1088.0,459.0,92.0,102.0,1.0,4.0,0.0
3,42,17,1086.0,450.0,90.0,100.0,1.0,4.0,0.0
3,43,17,1085.0,441.0,87.0,98.0,1.0,4.0,0.0
3,44,17,1083.0,432.0,85.0,96.0,1.0,4.0,0.0
3,45,17,1082.0,424.0,82.0,93.0,1.0,4.0,0.0
3,46,17,1081.0,416.0,80.0,92.0,1.0,4.0,0.0
3,47,17,1080.0,409.0,79.0,91.0,1.0,4.0,0.0
3,48,17,1079.0,402.0,78.0,89.0,1.0,4.0,0.0
3,49,17,1078.0,394.0,77.0,89.0,1.0,4.0,0.0
3,50,17,1077.0,387.0,76.0,87.0,1.0,4.0,0.0
3,51,17,1076.0,380.0,74.0,86.0,1.0,4.0,0.0
3,52,17,1075.0,372.0,73.0,85.0,1.0,4.0,0.0
3,53,17,1074.0,365.0,72.0,84.0,1.0,4.0,0.0
3,54,17,1073.0,358.0,71.0,82.0,1.0,4.0,0.0
3,55,17,1073.0,351.0,69.0,81.0,1.0,4.0,0.0
3,56,17,1072.0,345.0,67.0,79.0,1.0,4.0,0.0
3,57,17,1071.0,340.0,66.0,76.0,1.0,4.0,0.0
3,58,17,1070.0,335.0,64.0,73.0,1.0,4.0,0.0
3,59,17,1069.0,330.0,63.0,71.0,1.0,4.0,0.0
3,60,17,1068.0,324.0,62.0,71.0,1.0,4.0,0.0
3,61,17,1067.0,319.0,62.0,70.0,1.0,4.0,0.0
3,62,17,1066.0,314.0,62.0,69.0,1.0,4.0,0.0
3,63,17,1065.0,309.0,62.0,68.0,1.0,4.0,0.0
3,64,17,1064.0,303.0,61.0,68.0,1.0,4.0,0.0
3,65,17,1063.0,298.0,61.0,67.0,1.0,4.0,0.0
3,66,17,1062.0,293.0,61.0,66.0,1.0,4.0,0.0
3,67,17,1061.0,288.0,61.0,66.0,1.0,4.0,0.0
3,68,17,1060.0,282.0,60.0,66.0,1.0,4.0,0.0
3,69,17,1059.0,277.0,60.0,65.0,1.0,4.0,0.0
3,70,17,1058.0,272.0,60.0,64.0,1.0,4.0,0.0
3,71,17,1057.0,267.0,60.0,63.0,1.0,4.0,0.0
3,72,17,1056.0,261.0,59.0,63.0,1.0,4.0,0.0
3,73,17,1055.0,256.0,59.0,62.0,1.0,4.0,0.0
3,74,17,1054.0,251.0,59.0,61.0,1.0,4.0,0.0
3,75,17,1053.0,246.0,59.0,61.0,1.0,4.0,0.0
3,76,17,1052.0,242.0,58.0,60.0,1.0,4.0,0.0
3,77,17,1051.0,238.0,58.0,59.0,1.0,4.0,0.0
3,78,17,1051.0,234.0,57.0,59.0,1.0,4.0,0.0
3,79,17,1050.0,230.0,57.0,58.0,1.0,4.0,0.0
3,80,17,1050.0,226.0,56.0,58.0,1.0,4.0,0.0
3,81,17,1049.0,222.0,55.0,57.0,1.0,4.0,0.0
3,82,17,1048.0,218.0,55.0,56.0,1.0,4.0,0.0
3,83,17,1048.0,214.0,54.0,56.0,1.0,4.0,0.0
3,84,17,1047.0,211.0,54.0,54.0,1.0,4.0,0.0
3,85,17,1047.0,207.0,53.0,54.0,1.0,4.0,0.0
3,86,17,1046.0,203.0,53.0,53.0,1.0,4.0,0.0
3,87,17,1045.0,199.0,52.0,52.0,1.0,4.0,0.0
3,88,17,1045.0,195.0,51.0,52.0,1.0,4.0,0.0
3,89,17,1044.0,191.0,51.0,51.0,1.0,4.0,0.0
3,90,17,1044.0,187.0,50.0,51.0,1.0,4.0,0.0
3,91,17,1043.0,183.0,50.0,50.0,1.0,4.0,0.0
3,92,17,1043.0,180.0,49.0,49.0,1.0,4.0,0.0
3,93,17,1042.0,176.0,49.0,48.0,1.0,4.0,0.0
3,94,17,1042.0,172.0,48.0,48.0,1.0,4.0,0.0
3,95,17,1041.0,168.0,48.0,48.0,1.0,4.0,0.0
3,96,17,1041.0,164.0,47.0,48.0,1.0,4.0,0.0
3,97,17,1040.0,160.0,48.0,47.0,1.0,4.0,0.0
3,98,17,1040.0,156.0,47.0,47.0,1.0,4.0,0.0
3,99,17,1039.0,152.0,47.0,47.0,1.0,4.0,0.0
3,100,17,1039.0,148.0,46.0,47.0,1.0,4.0,0.0
